20 25
1 1 1 1 1 1 1 1 1 1 1 1 1 1 0 S 1 1 1 1 1 1 1 1 1
1 1 1 1 1 0 1 0 1 1 1 1 1 0 1 0 1 0 1 1 0 1 0 1 1
1 1 0 1 1 0 1 0 0 0 M 0 0 1 1 0 1 1 0 1 1 1 1 1 1
1 1 s 7 1 1 1 1 1 1 1 1 1 0 M 0 0 1 0 1 0 0 1 1 1
1 1 0 1 0 t 0 1 1 1 1 1 1 0 1 1 0 1 1 1 1 1 0 1 1
1 1 0 1 1 1 1 1 - 1 1 0 0 0 1 1 1 0 1 0 1 1 0 0 1
1 1 1 1 1 1 0 s 1 0 M 1 0 1 1 1 1 E 0 s 1 1 1 0 1
1 1 t 1 0 1 0 1 1 1 2 1 0 1 1 0 - 1 1 1 0 1 1 0 1
1 1 0 0 1 0 1 1 1 0 0 0 s 1 0 1 0 0 1 1 1 t 1 0 1
1 1 1 1 1 1 0 0 1 0 1 0 1 0 0 1 1 1 0 1 1 1 1 0 1
1 0 1 0 1 1 1 1 1 1 0 1 0 1 1 s 1 1 1 0 1 0 1 1 1
1 1 1 0 t 1 1 1 1 1 0 6 1 1 1 0 0 0 - 1 0 1 1 1 1
1 1 0 1 1 1 0 0 0 0 1 0 1 1 1 0 1 1 1 1 1 1 1 1 1
1 0 1 1 0 1 1 1 4 1 1 0 1 1 5 1 0 1 1 t 1 1 1 0 1
1 1 0 1 1 0 1 1 0 1 1 - 1 0 1 1 1 1 1 1 1 1 0 1 1
1 1 1 1 1 1 1 s 0 0 0 0 1 1 1 1 1 0 1 1 0 t 1 1 1
1 0 1 1 0 1 1 1 0 1 0 1 1 1 1 0 0 1 1 1 1 0 1 1 1
1 1 0 1 1 1 1 1 1 1 1 0 0 1 1 1 1 0 1 0 1 0 1 1 1
1 1 1 1 1 1 0 1 1 1 0 1 1 1 0 1 0 1 1 1 0 1 1 1 1


1 1 1 1 1 1 1 1 1 1 1 1 1 1 1 1 1 1 1 1 1 1 1 1 1
1 1 1 1 1 1 1 1 1 1 1 1 1 1 1 + 1 1 1 1 1 1 1 1 1
1 1 1 1 1 1 1 1 1 1 1 1 1 1 1 0 1 1 1 1 1 1 1 1 1
1 1 1 1 1 1 1 1 1 1 1 1 1 1 0 0 + 1 1 1 1 1 1 1 1
1 1 1 1 1 1 1 1 1 0 1 1 0 0 1 0 1 0 1 1 1 1 1 1 1
1 1 1 1 1 1 1 1 0 1 0 1 0 0 0 1 1 0 1 1 1 1 1 1 1
1 1 1 1 1 1 + 0 1 1 1 0 1 0 1 1 0 1 0 1 1 1 1 1 1
1 1 1 1 1 1 0 1 1 1 1 0 1 1 0 1 0 1 1 0 + 1 1 1 1
1 1 1 1 1 1 0 1 1 1 1 0 1 1 1 0 1 1 1 1 1 1 1 1 1
1 1 1 1 1 0 1 1 1 1 1 0 1 1 0 0 1 1 1 1 1 1 1 1 1
1 1 1 1 0 1 1 1 1 1 1 0 1 0 1 1 0 1 1 1 1 1 1 1 1
1 1 1 0 1 1 1 1 1 1 1 1 0 1 1 1 1 0 1 1 1 1 1 1 1
1 1 1 0 + 0 0 0 0 1 1 1 0 1 1 1 1 1 0 1 1 1 1 1 1
1 1 1 1 1 1 1 1 1 0 1 0 1 1 1 1 1 1 1 1 1 1 1 1 1
1 1 1 1 1 1 1 1 1 0 0 1 1 1 1 1 1 1 1 1 1 1 1 1 1
1 1 1 1 1 1 1 1 1 1 0 0 1 1 1 1 1 1 1 1 1 1 1 1 1
1 1 1 1 1 1 1 1 1 1 1 1 1 1 1 1 1 1 1 1 1 1 1 1 1
1 1 1 1 1 1 1 1 1 1 1 1 1 1 1 1 1 1 1 1 1 1 1 1 1
1 1 1 1 1 1 1 1 1 1 1 1 1 1 1 1 1 1 1 1 1 1 1 1 1
1 1 1 1 1 1 1 1 1 1 1 1 1 1 1 1 1 1 1 1 1 1 1 1 1
